0 0 TIDL_cast_in 
1 1 TIDL_cast_in_netFormat 
2 2 input 
3 3 453 
4 4 456 
5 5 458 
6 6 461 
7 7 464 
8 8 466 
9 9 469 
10 10 472 
11 11 474 
12 12 475 
13 13 478 
14 14 481 
15 15 483 
16 16 486 
17 17 489 
18 18 491 
19 19 492 
20 20 495 
21 21 498 
22 22 500 
23 23 501 
24 24 504 
25 25 507 
26 26 509 
27 27 512 
28 28 515 
29 29 517 
30 30 518 
31 31 521 
32 32 524 
33 33 526 
34 34 527 
35 35 530 
36 36 533 
37 37 535 
38 38 536 
39 39 539 
40 40 542 
41 41 544 
42 42 547 
43 43 550 
44 44 552 
45 45 553 
46 46 556 
47 47 559 
48 48 561 
49 49 562 
50 50 623 
51 51 565 
52 52 627 
53 53 624 
54 54 568 
55 55 628 
56 56 570 
57 57 573 
58 58 576 
59 59 578 
60 60 579 
61 61 582 
62 62 585 
63 63 587 
64 64 588 
65 65 591 
66 66 594 
67 67 596 
68 68 631 
69 69 599 
70 70 635 
71 71 632 
72 72 602 
73 73 636 
74 74 639 
75 75 605 
76 76 643 
77 77 640 
78 78 608 
79 79 644 
80 80 647 
81 81 611 
82 82 651 
83 83 648 
84 84 614 
85 85 652 
86 86 655 
87 87 617 
88 88 659 
89 89 656 
90 90 620 
91 91 660 
92 92 663 
93 93 667 
94 94 664 
95 95 668 
96 96 boxes_det 
97 97 boxes 
98 98 labels 
99 0 TIDL_cast_in 
100 0 TIDL_cast_in 
